min: 197,187
00000     00    0    0  0       00000     00    00000   00000
0    0   0  0   00   0  0       0    0   0  0   0    0  0    0
0    0  0    0  00   0  0       0    0  0    0  0    0  0    0
0    0  0    0  0 0  0  0       0    0  0    0  0    0  0    0
00000   0    0  0 0  0  0       00000   0    0  00000   00000
0       000000  0  0 0  0       0       000000  0       0  0
0       0    0  0  0 0  0       0       0    0  0       0   0
0       0    0  0   00  0       0       0    0  0       0   0
0       0    0  0   00  0       0       0    0  0       0    0
0       0    0  0    0  000000  0       0    0  0       0    0

Part2: 10304
